Normal SVM: F-Score Training Accuracy: 0.77419, F-Score Testing Accuracy: 0.70833

Regularization

Linear Kernel: Alpha: [1e-05, 0.0001, 0.001, 0.01, 0.1, 1, 10, 100, 1000, 10000, 100000], Training Accuracy: [0.59375, 0.59375, 0.59375, 0.71875, 0.8125, 0.84375, 0.90625, 0.96875, 1.0, 1.0, 1.0], Testing Accuracy: [0.4765625, 0.4765625, 0.4765625, 0.53125, 0.6953125, 0.7265625, 0.75, 0.71875, 0.6796875, 0.6796875, 0.6796875], F-Score: [0.0, 0.0, 0.0, 0.1917808219178082, 0.7580645161290323, 0.736, 0.752, 0.7462686567164178, 0.75, 0.7464788732394366, 0.7234042553191491], Best F-Score: 0.7580645161290323 at C Value 0.1

Polynomial Kernel: Alpha: [1e-05, 0.0001, 0.001, 0.01, 0.1, 1, 10, 100, 1000, 10000, 100000], Training Accuracy: [0.53125, 0.53125, 0.53125, 0.59375, 0.625, 0.75, 0.84375, 0.9375, 1.0, 1.0, 1.0], Testing Accuracy: [0.4921875, 0.4921875, 0.4921875, 0.5234375, 0.5390625, 0.6875, 0.7734375, 0.6953125, 0.734375, 0.7421875, 0.7421875], F-Score: [0.0, 0.0, 0.0, 0.14084507042253522, 0.1917808219178082, 0.574468085106383, 0.7603305785123968, 0.7346938775510204, 0.757142857142857, 0.762589928057554, 0.762589928057554], Best F-Score: 0.762589928057554 at C Value 10000

RBF Kernel: Alpha: [1e-05, 0.0001, 0.001, 0.01, 0.1, 1, 10, 100, 1000, 10000, 100000], Training Accuracy: [0.53125, 0.53125, 0.53125, 0.53125, 0.53125, 0.78125, 0.90625, 0.96875, 1.0, 1.0, 1.0], Testing Accuracy: [0.4921875, 0.4921875, 0.4921875, 0.4921875, 0.4921875, 0.78125, 0.765625, 0.65625, 0.6171875, 0.6171875, 0.6171875], F-Score: [0.0, 0.0, 0.0, 0.0, 0.0, 0.787878787878788, 0.7761194029850746, 0.6811594202898551, 0.5739130434782608, 0.5739130434782608, 0.5739130434782608], Best F-Score: 0.787878787878788 at C Value 1


Notes: using scaled down to 160 examples took 1 min, 30,000 samples took 10 hrs